5.839519e-03	-9.678785e-04	1.327000e-04	1.500041e-05	-2.452720e-04	-4.961751e-05	-2.068830e-05	-5.700449e-06	-2.648927e-05	-1.612527e-05	1.189316e-06	2.941887e-06	6.099902e-06	-6.075749e-06	2.207070e-06	1.727665e-06	-4.601796e-03	
-9.678785e-04	4.875250e-03	-8.364882e-04	-3.973934e-05	-2.029428e-04	-7.744883e-05	-2.176866e-05	9.155430e-07	-2.658824e-05	-6.198119e-06	1.176207e-06	-5.090900e-06	-1.512481e-06	-4.438442e-06	-2.222849e-06	-9.830749e-07	-2.693532e-03	
1.327000e-04	-8.364882e-04	2.634657e-03	-5.938229e-05	-5.088503e-05	-1.367861e-04	-8.248278e-05	-7.413179e-06	-7.817918e-06	-7.574347e-07	-8.935313e-06	-4.350820e-06	1.023073e-05	1.118436e-06	-2.996597e-06	-1.758653e-06	-1.565431e-03	
1.500041e-05	-3.973934e-05	-5.938229e-05	2.019115e-04	1.090449e-06	1.795949e-06	-1.795938e-06	-4.848390e-06	2.024566e-06	-2.054882e-06	-8.356439e-08	-5.146489e-07	-2.146935e-07	4.666639e-08	7.420863e-07	5.010502e-08	-1.135563e-04	
-2.452720e-04	-2.029428e-04	-5.088503e-05	1.090449e-06	1.375522e-03	-1.151751e-04	-3.281254e-06	2.749592e-06	-6.670739e-05	-5.185045e-06	-9.537383e-07	-1.729000e-06	-2.811346e-05	-3.463414e-06	-5.190140e-07	1.137768e-06	-6.525296e-04	
-4.961751e-05	-7.744883e-05	-1.367861e-04	1.795949e-06	-1.151751e-04	1.006273e-03	-1.021102e-04	9.770951e-07	-5.971475e-05	-1.786751e-05	-4.149227e-06	1.164794e-06	-1.146084e-05	-6.669502e-06	-1.955687e-06	6.555709e-08	-4.280944e-04	
-2.068830e-05	-2.176866e-05	-8.248278e-05	-1.795938e-06	-3.281254e-06	-1.021102e-04	5.900992e-04	-9.859762e-06	-2.864219e-05	-2.045673e-05	-1.143584e-05	-1.158422e-06	1.504543e-06	-5.501862e-06	-8.282280e-06	-1.469427e-06	-2.751460e-04	
-5.700449e-06	9.155430e-07	-7.413179e-06	-4.848390e-06	2.749592e-06	9.770951e-07	-9.859762e-06	5.340022e-05	2.281906e-07	-1.404361e-06	-1.788612e-06	-2.242254e-06	-8.298394e-07	-2.326773e-07	-3.087871e-07	-7.985823e-07	-2.386330e-05	
-2.648927e-05	-2.658824e-05	-7.817918e-06	2.024566e-06	-6.670739e-05	-5.971475e-05	-2.864219e-05	2.281906e-07	3.820058e-04	-2.449511e-05	1.055965e-06	9.987002e-08	-5.392776e-05	-4.765196e-06	-1.199219e-06	-3.906281e-07	-8.555359e-05	
-1.612527e-05	-6.198119e-06	-7.574347e-07	-2.054882e-06	-5.185045e-06	-1.786751e-05	-2.045673e-05	-1.404361e-06	-2.449511e-05	1.624530e-04	-1.132028e-05	-1.646465e-07	-2.297692e-05	-1.125852e-05	-3.990349e-06	-9.227910e-07	-2.025692e-05	
1.189316e-06	1.176207e-06	-8.935313e-06	-8.356439e-08	-9.537383e-07	-4.149227e-06	-1.143584e-05	-1.788612e-06	1.055965e-06	-1.132028e-05	7.638612e-05	-2.209841e-06	-1.928619e-06	-9.961051e-06	-5.663130e-06	-1.361690e-06	-1.843253e-05	
2.941887e-06	-5.090900e-06	-4.350820e-06	-5.146489e-07	-1.729000e-06	1.164794e-06	-1.158422e-06	-2.242254e-06	9.987002e-08	-1.646465e-07	-2.209841e-06	2.187017e-05	-1.224569e-07	2.294332e-07	-2.384119e-06	-3.287610e-06	-1.324976e-06	
6.099902e-06	-1.512481e-06	1.023073e-05	-2.146935e-07	-2.811346e-05	-1.146084e-05	1.504543e-06	-8.298394e-07	-5.392776e-05	-2.297692e-05	-1.928619e-06	-1.224569e-07	1.693065e-04	-2.277596e-05	2.458496e-06	1.633785e-08	-3.380077e-05	
-6.075749e-06	-4.438442e-06	1.118436e-06	4.666639e-08	-3.463414e-06	-6.669502e-06	-5.501862e-06	-2.326773e-07	-4.765196e-06	-1.125852e-05	-9.961051e-06	2.294332e-07	-2.277596e-05	9.778995e-05	-1.524258e-05	4.399950e-07	2.127889e-07	
2.207070e-06	-2.222849e-06	-2.996597e-06	7.420863e-07	-5.190140e-07	-1.955687e-06	-8.282280e-06	-3.087871e-07	-1.199219e-06	-3.990349e-06	-5.663130e-06	-2.384119e-06	2.458496e-06	-1.524258e-05	5.942927e-05	-5.728701e-06	-5.657963e-06	
1.727665e-06	-9.830749e-07	-1.758653e-06	5.010502e-08	1.137768e-06	6.555709e-08	-1.469427e-06	-7.985823e-07	-3.906281e-07	-9.227910e-07	-1.361690e-06	-3.287610e-06	1.633785e-08	4.399950e-07	-5.728701e-06	2.470089e-05	-5.397920e-06	
-4.601796e-03	-2.693532e-03	-1.565431e-03	-1.135563e-04	-6.525296e-04	-4.280944e-04	-2.751460e-04	-2.386330e-05	-8.555359e-05	-2.025692e-05	-1.843253e-05	-1.324976e-06	-3.380077e-05	2.127889e-07	-5.657963e-06	-5.397920e-06	1.050427e-02	
